#  
# DeepDRPbind <Release 1.0 May 2022>  
#  
# Column Data type 
# 1 residue index 
# 2 residue 
# 3 Protein bind score 
# 4 Protein bind score binarized 
# 5 DNA bind score 
# 6 DNA bind score binarized 
# 7 RNA bind score 
# 8 RNA bind score binarized 
#  
> P10279 
No:  residues  Proteinbind_scores Proteinbind_binarized  DNAbind_scores DNAbind_binarized RNAbind_scores  RNAbind_binarized  
1.0    M  0.995920 1.000000 0.747449 1.000000 0.966695 1.000000  
2.0    V  0.999203 1.000000 0.717757 1.000000 0.965349 1.000000  
3.0    K  0.998633 1.000000 0.871958 1.000000 0.974218 1.000000  
4.0    S  0.985374 1.000000 0.710881 1.000000 0.959769 1.000000  
5.0    H  0.996505 1.000000 0.642620 0.000000 0.977509 1.000000  
6.0    I  0.998434 1.000000 0.594768 0.000000 0.985028 1.000000  
7.0    G  0.999488 1.000000 0.558458 0.000000 0.983830 1.000000  
8.0    S  0.998838 1.000000 0.715561 1.000000 0.985361 1.000000  
9.0    W  0.998498 1.000000 0.919407 1.000000 0.987685 1.000000  
10.0    I  0.998201 1.000000 0.842281 1.000000 0.989024 1.000000  
11.0    L  0.922449 1.000000 0.937520 1.000000 0.989065 1.000000  
12.0    V  0.981088 1.000000 0.963715 1.000000 0.991709 1.000000  
13.0    L  0.993174 1.000000 0.864298 1.000000 0.990115 1.000000  
14.0    F  0.768940 1.000000 0.819220 1.000000 0.990130 1.000000  
15.0    V  0.965924 1.000000 0.569723 0.000000 0.990330 1.000000  
16.0    A  0.882121 1.000000 0.848403 1.000000 0.986392 1.000000  
17.0    M  0.612765 0.000000 0.596222 0.000000 0.985971 1.000000  
18.0    W  0.577150 0.000000 0.315753 0.000000 0.985815 1.000000  
19.0    S  0.671941 0.000000 0.333892 0.000000 0.983197 1.000000  
20.0    D  0.933111 1.000000 0.676310 0.000000 0.984239 1.000000  
21.0    V  0.993171 1.000000 0.804300 1.000000 0.983442 1.000000  
22.0    G  0.912649 1.000000 0.701307 1.000000 0.984306 1.000000  
23.0    L  0.953896 1.000000 0.460655 0.000000 0.983997 1.000000  
24.0    C  0.982802 1.000000 0.149041 0.000000 0.989893 1.000000  
25.0    K  0.877165 1.000000 0.013724 0.000000 0.990204 1.000000  
26.0    K  0.977431 1.000000 0.048678 0.000000 0.981483 1.000000  
27.0    R  0.995652 1.000000 0.438768 0.000000 0.957284 1.000000  
28.0    P  0.998876 1.000000 0.353504 0.000000 0.941325 1.000000  
29.0    K  0.999449 1.000000 0.237215 0.000000 0.948263 1.000000  
30.0    P  0.998609 1.000000 0.314536 0.000000 0.919476 1.000000  
31.0    G  0.999123 1.000000 0.188002 0.000000 0.866673 1.000000  
32.0    G  0.997809 1.000000 0.219168 0.000000 0.765814 1.000000  
33.0    G  0.999455 1.000000 0.008376 0.000000 0.800093 1.000000  
34.0    W  0.998042 1.000000 0.002950 0.000000 0.821114 1.000000  
35.0    N  0.999235 1.000000 0.001914 0.000000 0.585118 0.000000  
36.0    T  0.994164 1.000000 0.001780 0.000000 0.337544 0.000000  
37.0    G  0.998002 1.000000 0.001886 0.000000 0.389010 0.000000  
38.0    G  0.999089 1.000000 0.001476 0.000000 0.693651 0.000000  
39.0    S  0.996760 1.000000 0.002416 0.000000 0.857583 1.000000  
40.0    R  0.999535 1.000000 0.001511 0.000000 0.887452 1.000000  
41.0    Y  0.999703 1.000000 0.001108 0.000000 0.832559 1.000000  
42.0    P  0.999810 1.000000 0.000793 0.000000 0.772039 1.000000  
43.0    G  0.999671 1.000000 0.000854 0.000000 0.744287 1.000000  
44.0    Q  0.999752 1.000000 0.000590 0.000000 0.758139 1.000000  
45.0    G  0.999405 1.000000 0.000579 0.000000 0.529465 0.000000  
46.0    S  0.999762 1.000000 0.000713 0.000000 0.603326 0.000000  
47.0    P  0.999500 1.000000 0.001613 0.000000 0.561107 0.000000  
48.0    G  0.999582 1.000000 0.001623 0.000000 0.442546 0.000000  
49.0    G  0.999745 1.000000 0.002164 0.000000 0.333738 0.000000  
50.0    N  0.999725 1.000000 0.002678 0.000000 0.412462 0.000000  
51.0    R  0.999476 1.000000 0.001624 0.000000 0.389738 0.000000  
52.0    Y  0.999671 1.000000 0.002506 0.000000 0.396931 0.000000  
53.0    P  0.999803 1.000000 0.001669 0.000000 0.374084 0.000000  
54.0    P  0.999825 1.000000 0.002331 0.000000 0.339709 0.000000  
55.0    Q  0.999721 1.000000 0.002193 0.000000 0.256097 0.000000  
56.0    G  0.999768 1.000000 0.001853 0.000000 0.241361 0.000000  
57.0    G  0.999817 1.000000 0.001558 0.000000 0.183766 0.000000  
58.0    G  0.999669 1.000000 0.001761 0.000000 0.164138 0.000000  
59.0    G  0.999557 1.000000 0.001785 0.000000 0.164736 0.000000  
60.0    W  0.999501 1.000000 0.001752 0.000000 0.149601 0.000000  
61.0    G  0.999162 1.000000 0.001690 0.000000 0.112770 0.000000  
62.0    Q  0.997958 1.000000 0.001869 0.000000 0.085390 0.000000  
63.0    P  0.998012 1.000000 0.002039 0.000000 0.105778 0.000000  
64.0    H  0.999195 1.000000 0.001231 0.000000 0.089557 0.000000  
65.0    G  0.998167 1.000000 0.001275 0.000000 0.105971 0.000000  
66.0    G  0.998812 1.000000 0.001126 0.000000 0.092970 0.000000  
67.0    G  0.999273 1.000000 0.001469 0.000000 0.101521 0.000000  
68.0    W  0.998024 1.000000 0.001857 0.000000 0.110067 0.000000  
69.0    G  0.996582 1.000000 0.001559 0.000000 0.097040 0.000000  
70.0    Q  0.996534 1.000000 0.001443 0.000000 0.094858 0.000000  
71.0    P  0.997294 1.000000 0.001597 0.000000 0.112426 0.000000  
72.0    H  0.998968 1.000000 0.002139 0.000000 0.140474 0.000000  
73.0    G  0.999314 1.000000 0.002102 0.000000 0.196116 0.000000  
74.0    G  0.999518 1.000000 0.002030 0.000000 0.168039 0.000000  
75.0    G  0.999165 1.000000 0.002271 0.000000 0.151127 0.000000  
76.0    W  0.999471 1.000000 0.002681 0.000000 0.229065 0.000000  
77.0    G  0.999500 1.000000 0.002363 0.000000 0.248418 0.000000  
78.0    Q  0.999496 1.000000 0.002104 0.000000 0.234407 0.000000  
79.0    P  0.999539 1.000000 0.001724 0.000000 0.270100 0.000000  
80.0    H  0.999453 1.000000 0.001672 0.000000 0.285267 0.000000  
81.0    G  0.999631 1.000000 0.001481 0.000000 0.246882 0.000000  
82.0    G  0.999832 1.000000 0.001566 0.000000 0.265115 0.000000  
83.0    G  0.999801 1.000000 0.001568 0.000000 0.339153 0.000000  
84.0    W  0.999888 1.000000 0.001294 0.000000 0.461515 0.000000  
85.0    G  0.999912 1.000000 0.001109 0.000000 0.503032 0.000000  
86.0    Q  0.999920 1.000000 0.001606 0.000000 0.477581 0.000000  
87.0    P  0.999926 1.000000 0.001588 0.000000 0.425639 0.000000  
88.0    H  0.999912 1.000000 0.001737 0.000000 0.565004 0.000000  
89.0    G  0.999912 1.000000 0.001335 0.000000 0.746635 1.000000  
90.0    G  0.999945 1.000000 0.001170 0.000000 0.716820 1.000000  
91.0    G  0.999923 1.000000 0.001459 0.000000 0.720972 1.000000  
92.0    W  0.999922 1.000000 0.000938 0.000000 0.804660 1.000000  
93.0    G  0.999905 1.000000 0.000918 0.000000 0.766957 1.000000  
94.0    Q  0.999894 1.000000 0.000652 0.000000 0.894965 1.000000  
95.0    P  0.999927 1.000000 0.000867 0.000000 0.902772 1.000000  
96.0    H  0.999944 1.000000 0.000926 0.000000 0.782770 1.000000  
97.0    G  0.999935 1.000000 0.000860 0.000000 0.918180 1.000000  
98.0    G  0.999937 1.000000 0.000768 0.000000 0.905812 1.000000  
99.0    G  0.999887 1.000000 0.000636 0.000000 0.906459 1.000000  
100.0    G  0.999951 1.000000 0.000700 0.000000 0.964334 1.000000  
101.0    W  0.999920 1.000000 0.000784 0.000000 0.972571 1.000000  
102.0    G  0.999934 1.000000 0.000756 0.000000 0.982169 1.000000  
103.0    Q  0.999933 1.000000 0.000497 0.000000 0.974279 1.000000  
104.0    G  0.999961 1.000000 0.000584 0.000000 0.985327 1.000000  
105.0    G  0.999938 1.000000 0.000520 0.000000 0.973990 1.000000  
106.0    T  0.999930 1.000000 0.000485 0.000000 0.978961 1.000000  
107.0    H  0.999873 1.000000 0.000416 0.000000 0.982234 1.000000  
108.0    G  0.999923 1.000000 0.000382 0.000000 0.966544 1.000000  
109.0    Q  0.999839 1.000000 0.000437 0.000000 0.970154 1.000000  
110.0    W  0.999754 1.000000 0.000492 0.000000 0.984526 1.000000  
111.0    N  0.999782 1.000000 0.000603 0.000000 0.987613 1.000000  
112.0    K  0.999622 1.000000 0.000655 0.000000 0.989178 1.000000  
113.0    P  0.999617 1.000000 0.000476 0.000000 0.989495 1.000000  
114.0    S  0.999622 1.000000 0.000314 0.000000 0.993769 1.000000  
115.0    K  0.999283 1.000000 0.000485 0.000000 0.994427 1.000000  
116.0    P  0.999382 1.000000 0.000568 0.000000 0.994448 1.000000  
117.0    K  0.999445 1.000000 0.000934 0.000000 0.993683 1.000000  
118.0    T  0.999286 1.000000 0.000557 0.000000 0.992041 1.000000  
119.0    N  0.999385 1.000000 0.000657 0.000000 0.994273 1.000000  
120.0    M  0.999047 1.000000 0.002221 0.000000 0.996085 1.000000  
121.0    K  0.999427 1.000000 0.001396 0.000000 0.996142 1.000000  
122.0    H  0.999396 1.000000 0.001222 0.000000 0.996766 1.000000  
123.0    V  0.999618 1.000000 0.001015 0.000000 0.997642 1.000000  
124.0    A  0.998456 1.000000 0.001755 0.000000 0.997383 1.000000  
125.0    G  0.999025 1.000000 0.001051 0.000000 0.997903 1.000000  
126.0    A  0.996011 1.000000 0.002879 0.000000 0.997372 1.000000  
127.0    A  0.998305 1.000000 0.020618 0.000000 0.997305 1.000000  
128.0    A  0.996441 1.000000 0.005954 0.000000 0.995854 1.000000  
129.0    A  0.998794 1.000000 0.015965 0.000000 0.996824 1.000000  
130.0    G  0.999217 1.000000 0.028668 0.000000 0.996114 1.000000  
131.0    A  0.998884 1.000000 0.028818 0.000000 0.996480 1.000000  
132.0    V  0.999347 1.000000 0.130173 0.000000 0.996687 1.000000  
133.0    V  0.998782 1.000000 0.128472 0.000000 0.995906 1.000000  
134.0    G  0.999790 1.000000 0.042472 0.000000 0.997831 1.000000  
135.0    G  0.999748 1.000000 0.135308 0.000000 0.997468 1.000000  
136.0    L  0.999603 1.000000 0.630972 0.000000 0.997447 1.000000  
137.0    G  0.999593 1.000000 0.066962 0.000000 0.993949 1.000000  
138.0    G  0.999563 1.000000 0.076933 0.000000 0.992937 1.000000  
139.0    Y  0.999780 1.000000 0.047231 0.000000 0.995678 1.000000  
140.0    M  0.999397 1.000000 0.107250 0.000000 0.996884 1.000000  
141.0    L  0.999660 1.000000 0.127781 0.000000 0.997718 1.000000  
142.0    G  0.999296 1.000000 0.845433 1.000000 0.997391 1.000000  
143.0    S  0.997086 1.000000 0.567184 0.000000 0.997555 1.000000  
144.0    A  0.976279 1.000000 0.448803 0.000000 0.996330 1.000000  
145.0    M  0.970349 1.000000 0.258935 0.000000 0.996700 1.000000  
146.0    S  0.356168 0.000000 0.595157 0.000000 0.995013 1.000000  
147.0    R  0.521175 0.000000 0.399250 0.000000 0.996627 1.000000  
148.0    P  0.410050 0.000000 0.411099 0.000000 0.995187 1.000000  
149.0    L  0.350872 0.000000 0.079262 0.000000 0.994638 1.000000  
150.0    I  0.448697 0.000000 0.117334 0.000000 0.993483 1.000000  
151.0    H  0.348960 0.000000 0.099441 0.000000 0.991812 1.000000  
152.0    F  0.490626 0.000000 0.053314 0.000000 0.989887 1.000000  
153.0    G  0.527732 0.000000 0.011374 0.000000 0.987003 1.000000  
154.0    S  0.511842 0.000000 0.039407 0.000000 0.982330 1.000000  
155.0    D  0.214748 0.000000 0.030686 0.000000 0.982150 1.000000  
156.0    Y  0.548815 0.000000 0.031904 0.000000 0.957771 1.000000  
157.0    E  0.062833 0.000000 0.089045 0.000000 0.938037 1.000000  
158.0    D  0.015226 0.000000 0.104839 0.000000 0.917990 1.000000  
159.0    R  0.001241 0.000000 0.009577 0.000000 0.934929 1.000000  
160.0    Y  0.001006 0.000000 0.019884 0.000000 0.914911 1.000000  
161.0    Y  0.001451 0.000000 0.046413 0.000000 0.939786 1.000000  
162.0    R  0.001333 0.000000 0.009158 0.000000 0.944606 1.000000  
163.0    E  0.002640 0.000000 0.007836 0.000000 0.947484 1.000000  
164.0    N  0.002148 0.000000 0.005631 0.000000 0.954678 1.000000  
165.0    M  0.004376 0.000000 0.003090 0.000000 0.960534 1.000000  
166.0    H  0.004124 0.000000 0.002192 0.000000 0.927057 1.000000  
167.0    R  0.002005 0.000000 0.003156 0.000000 0.911570 1.000000  
168.0    Y  0.000775 0.000000 0.101416 0.000000 0.825044 1.000000  
169.0    P  0.000264 0.000000 0.074426 0.000000 0.841958 1.000000  
170.0    N  0.001063 0.000000 0.034006 0.000000 0.846052 1.000000  
171.0    Q  0.002005 0.000000 0.007799 0.000000 0.584011 0.000000  
172.0    V  0.001750 0.000000 0.012059 0.000000 0.709331 1.000000  
173.0    Y  0.001878 0.000000 0.004209 0.000000 0.599950 0.000000  
174.0    Y  0.006953 0.000000 0.042438 0.000000 0.590169 0.000000  
175.0    R  0.068799 0.000000 0.123764 0.000000 0.610942 0.000000  
176.0    P  0.027270 0.000000 0.164103 0.000000 0.661869 0.000000  
177.0    V  0.169710 0.000000 0.249398 0.000000 0.451169 0.000000  
178.0    D  0.041822 0.000000 0.309434 0.000000 0.326658 0.000000  
179.0    Q  0.018703 0.000000 0.583222 0.000000 0.217645 0.000000  
180.0    Y  0.020630 0.000000 0.618836 0.000000 0.193739 0.000000  
181.0    S  0.012584 0.000000 0.156716 0.000000 0.335163 0.000000  
182.0    N  0.015669 0.000000 0.068271 0.000000 0.383553 0.000000  
183.0    Q  0.006034 0.000000 0.167551 0.000000 0.341255 0.000000  
184.0    N  0.005693 0.000000 0.215744 0.000000 0.590406 0.000000  
185.0    N  0.010831 0.000000 0.029499 0.000000 0.857278 1.000000  
186.0    F  0.001527 0.000000 0.037060 0.000000 0.629244 0.000000  
187.0    V  0.000441 0.000000 0.079283 0.000000 0.769138 1.000000  
188.0    H  0.000455 0.000000 0.021399 0.000000 0.895181 1.000000  
189.0    D  0.000493 0.000000 0.007514 0.000000 0.944974 1.000000  
190.0    C  0.001005 0.000000 0.048509 0.000000 0.869501 1.000000  
191.0    V  0.000577 0.000000 0.310329 0.000000 0.911665 1.000000  
192.0    N  0.000287 0.000000 0.558195 0.000000 0.764560 1.000000  
193.0    I  0.000403 0.000000 0.386183 0.000000 0.686262 0.000000  
194.0    T  0.000181 0.000000 0.164680 0.000000 0.670303 0.000000  
195.0    V  0.000137 0.000000 0.776161 1.000000 0.791223 1.000000  
196.0    K  0.000433 0.000000 0.166722 0.000000 0.890523 1.000000  
197.0    E  0.001880 0.000000 0.192437 0.000000 0.872999 1.000000  
198.0    H  0.002230 0.000000 0.106170 0.000000 0.949304 1.000000  
199.0    T  0.001635 0.000000 0.125999 0.000000 0.770601 1.000000  
200.0    V  0.001352 0.000000 0.119822 0.000000 0.759122 1.000000  
201.0    T  0.001300 0.000000 0.131878 0.000000 0.397207 0.000000  
202.0    T  0.000253 0.000000 0.065937 0.000000 0.180326 0.000000  
203.0    T  0.000133 0.000000 0.093322 0.000000 0.157705 0.000000  
204.0    T  0.000092 0.000000 0.233355 0.000000 0.083056 0.000000  
205.0    K  0.000060 0.000000 0.643939 0.000000 0.183215 0.000000  
206.0    G  0.000072 0.000000 0.612097 0.000000 0.057867 0.000000  
207.0    E  0.000085 0.000000 0.045951 0.000000 0.038742 0.000000  
208.0    N  0.000062 0.000000 0.072896 0.000000 0.010255 0.000000  
209.0    F  0.000079 0.000000 0.009652 0.000000 0.016492 0.000000  
210.0    T  0.000147 0.000000 0.053369 0.000000 0.005505 0.000000  
211.0    E  0.000052 0.000000 0.302868 0.000000 0.006266 0.000000  
212.0    T  0.000258 0.000000 0.458765 0.000000 0.015502 0.000000  
213.0    D  0.000204 0.000000 0.190920 0.000000 0.012983 0.000000  
214.0    I  0.000224 0.000000 0.065067 0.000000 0.003422 0.000000  
215.0    K  0.000197 0.000000 0.367210 0.000000 0.004001 0.000000  
216.0    M  0.000099 0.000000 0.123253 0.000000 0.009333 0.000000  
217.0    M  0.000071 0.000000 0.238140 0.000000 0.004545 0.000000  
218.0    E  0.000707 0.000000 0.109032 0.000000 0.010376 0.000000  
219.0    R  0.004513 0.000000 0.024063 0.000000 0.005846 0.000000  
220.0    V  0.002032 0.000000 0.028487 0.000000 0.001406 0.000000  
221.0    V  0.000724 0.000000 0.094438 0.000000 0.001183 0.000000  
222.0    E  0.000672 0.000000 0.247343 0.000000 0.001761 0.000000  
223.0    Q  0.001139 0.000000 0.078614 0.000000 0.001410 0.000000  
224.0    M  0.002902 0.000000 0.627425 0.000000 0.001379 0.000000  
225.0    C  0.005450 0.000000 0.698477 0.000000 0.001333 0.000000  
226.0    I  0.000523 0.000000 0.735197 1.000000 0.001772 0.000000  
227.0    T  0.001236 0.000000 0.485708 0.000000 0.001758 0.000000  
228.0    Q  0.000360 0.000000 0.235741 0.000000 0.002361 0.000000  
229.0    Y  0.000353 0.000000 0.253480 0.000000 0.001836 0.000000  
230.0    Q  0.000174 0.000000 0.228931 0.000000 0.002277 0.000000  
231.0    R  0.000217 0.000000 0.466536 0.000000 0.004059 0.000000  
232.0    E  0.000310 0.000000 0.278197 0.000000 0.006509 0.000000  
233.0    S  0.000615 0.000000 0.061840 0.000000 0.009070 0.000000  
234.0    Q  0.000521 0.000000 0.014686 0.000000 0.005753 0.000000  
235.0    A  0.000719 0.000000 0.025199 0.000000 0.008980 0.000000  
236.0    Y  0.000569 0.000000 0.055585 0.000000 0.015858 0.000000  
237.0    Y  0.000643 0.000000 0.011845 0.000000 0.012833 0.000000  
238.0    Q  0.000686 0.000000 0.007423 0.000000 0.011079 0.000000  
239.0    R  0.001236 0.000000 0.008754 0.000000 0.007990 0.000000  
240.0    G  0.000877 0.000000 0.004991 0.000000 0.005710 0.000000  
241.0    A  0.001163 0.000000 0.004691 0.000000 0.003694 0.000000  
242.0    S  0.001486 0.000000 0.005316 0.000000 0.003869 0.000000  
243.0    V  0.001636 0.000000 0.006189 0.000000 0.001760 0.000000  
244.0    I  0.003441 0.000000 0.001918 0.000000 0.001430 0.000000  
245.0    L  0.003318 0.000000 0.002867 0.000000 0.001444 0.000000  
246.0    F  0.001870 0.000000 0.002165 0.000000 0.001494 0.000000  
247.0    S  0.001981 0.000000 0.001990 0.000000 0.001092 0.000000  
248.0    S  0.002049 0.000000 0.001513 0.000000 0.000948 0.000000  
249.0    P  0.002655 0.000000 0.001326 0.000000 0.001183 0.000000  
250.0    P  0.004219 0.000000 0.001246 0.000000 0.001313 0.000000  
251.0    V  0.011659 0.000000 0.001276 0.000000 0.001282 0.000000  
252.0    I  0.017166 0.000000 0.001209 0.000000 0.001827 0.000000  
253.0    L  0.070552 0.000000 0.001425 0.000000 0.001863 0.000000  
254.0    L  0.110281 0.000000 0.001401 0.000000 0.001829 0.000000  
255.0    I  0.080648 0.000000 0.001811 0.000000 0.001875 0.000000  
256.0    S  0.073112 0.000000 0.001302 0.000000 0.000910 0.000000  
257.0    F  0.014140 0.000000 0.001107 0.000000 0.000630 0.000000  
258.0    L  0.016528 0.000000 0.001266 0.000000 0.000670 0.000000  
259.0    I  0.027188 0.000000 0.002498 0.000000 0.001071 0.000000  
260.0    F  0.036695 0.000000 0.003404 0.000000 0.001342 0.000000  
261.0    L  0.065403 0.000000 0.004137 0.000000 0.003115 0.000000  
262.0    I  0.144823 0.000000 0.003498 0.000000 0.007357 0.000000  
263.0    V  0.252693 0.000000 0.006348 0.000000 0.006546 0.000000  
264.0    G  0.631060 0.000000 0.006819 0.000000 0.010398 0.000000  
