#  
# DRPbind <Release 1.0 May 2022>  
#  
# Column Data type 
# 1 residue index 
# 2 residue 
# 3 Protein bind score 
# 4 Protein bind score binarized 
# 5 DNA bind score 
# 6 DNA bind score binarized 
# 7 RNA bind score 
# 8 RNA bind score binarized 
#  
> P10279 
No:  residues  Proteinbind_scores Proteinbind_binarized  DNAbind_scores DNAbind_binarized RNAbind_scores  RNAbind_binarized  
1.0    M  0.061611 0.000000 0.500000 0.000000 0.229896 0.000000  
2.0    V  0.087829 0.000000 0.489456 0.000000 0.212159 0.000000  
3.0    K  0.105136 0.000000 0.479781 0.000000 0.201887 0.000000  
4.0    S  0.104891 0.000000 0.477551 0.000000 0.174392 0.000000  
5.0    H  0.111423 0.000000 0.477370 0.000000 0.177481 0.000000  
6.0    I  0.128106 0.000000 0.476568 0.000000 0.171710 0.000000  
7.0    G  0.121089 0.000000 0.473281 0.000000 0.119523 0.000000  
8.0    S  0.155896 0.000000 0.466442 0.000000 0.115396 0.000000  
9.0    W  0.194202 0.000000 0.462216 0.000000 0.100748 0.000000  
10.0    I  0.217880 0.000000 0.467157 0.000000 0.120341 0.000000  
11.0    L  0.193068 0.000000 0.476115 0.000000 0.131788 0.000000  
12.0    V  0.187429 0.000000 0.475479 0.000000 0.135058 0.000000  
13.0    L  0.210873 0.000000 0.469488 0.000000 0.134097 0.000000  
14.0    F  0.216727 0.000000 0.467155 0.000000 0.148615 0.000000  
15.0    V  0.221530 0.000000 0.465633 0.000000 0.164485 0.000000  
16.0    A  0.243409 0.000000 0.460510 0.000000 0.145349 0.000000  
17.0    M  0.254547 0.000000 0.462763 0.000000 0.133554 0.000000  
18.0    W  0.274258 0.000000 0.463997 0.000000 0.138155 0.000000  
19.0    S  0.294141 0.000000 0.458779 0.000000 0.139927 0.000000  
20.0    D  0.296541 0.000000 0.455893 0.000000 0.142587 0.000000  
21.0    V  0.306237 0.000000 0.465418 0.000000 0.168645 0.000000  
22.0    G  0.277723 0.000000 0.470695 0.000000 0.165509 0.000000  
23.0    L  0.268815 0.000000 0.467897 0.000000 0.159933 0.000000  
24.0    C  0.280103 0.000000 0.465538 0.000000 0.143229 0.000000  
25.0    K  0.305334 0.000000 0.470625 0.000000 0.173484 0.000000  
26.0    K  0.312437 0.000000 0.471414 0.000000 0.193221 0.000000  
27.0    R  0.332565 0.000000 0.466649 0.000000 0.184774 0.000000  
28.0    P  0.341127 0.000000 0.461958 0.000000 0.177556 0.000000  
29.0    K  0.348091 0.000000 0.457768 0.000000 0.169306 0.000000  
30.0    P  0.348722 0.000000 0.456829 0.000000 0.164658 0.000000  
31.0    G  0.352804 0.000000 0.455074 0.000000 0.162256 0.000000  
32.0    G  0.358472 0.000000 0.444229 0.000000 0.176401 0.000000  
33.0    G  0.371395 0.000000 0.439471 0.000000 0.135840 0.000000  
34.0    W  0.368363 0.000000 0.442998 0.000000 0.111974 0.000000  
35.0    N  0.377516 0.000000 0.444466 0.000000 0.110687 0.000000  
36.0    T  0.421926 0.000000 0.439708 0.000000 0.120357 0.000000  
37.0    G  0.459401 0.000000 0.439115 0.000000 0.135089 0.000000  
38.0    G  0.471244 0.000000 0.441057 0.000000 0.145811 0.000000  
39.0    S  0.484220 0.000000 0.439382 0.000000 0.150269 0.000000  
40.0    R  0.500000 0.000000 0.434952 0.000000 0.167548 0.000000  
41.0    Y  0.565860 0.000000 0.438300 0.000000 0.227094 0.000000  
42.0    P  0.612494 0.000000 0.445830 0.000000 0.266001 0.000000  
43.0    G  0.676583 0.000000 0.450087 0.000000 0.342118 0.000000  
44.0    Q  0.699281 0.000000 0.447862 0.000000 0.376135 0.000000  
45.0    G  0.743159 0.000000 0.444807 0.000000 0.382224 0.000000  
46.0    S  0.774029 1.000000 0.444763 0.000000 0.371188 0.000000  
47.0    P  0.787946 1.000000 0.442806 0.000000 0.390205 0.000000  
48.0    G  0.789616 1.000000 0.436063 0.000000 0.422791 0.000000  
49.0    G  0.791160 1.000000 0.436093 0.000000 0.452179 0.000000  
50.0    N  0.768228 1.000000 0.438374 0.000000 0.438429 0.000000  
51.0    R  0.778326 1.000000 0.438167 0.000000 0.459612 0.000000  
52.0    Y  0.799043 1.000000 0.437678 0.000000 0.500000 0.000000  
53.0    P  0.819121 1.000000 0.435930 0.000000 0.561565 0.000000  
54.0    P  0.827554 1.000000 0.434997 0.000000 0.572612 0.000000  
55.0    Q  0.830987 1.000000 0.430820 0.000000 0.532093 0.000000  
56.0    G  0.823303 1.000000 0.411156 0.000000 0.382577 0.000000  
57.0    G  0.825321 1.000000 0.397976 0.000000 0.297494 0.000000  
58.0    G  0.814256 1.000000 0.397857 0.000000 0.255885 0.000000  
59.0    G  0.798594 1.000000 0.391263 0.000000 0.178246 0.000000  
60.0    W  0.793086 1.000000 0.375155 0.000000 0.130312 0.000000  
61.0    G  0.792240 1.000000 0.368632 0.000000 0.125606 0.000000  
62.0    Q  0.757865 1.000000 0.368392 0.000000 0.121469 0.000000  
63.0    P  0.743756 0.000000 0.368797 0.000000 0.117494 0.000000  
64.0    H  0.752123 1.000000 0.365318 0.000000 0.134742 0.000000  
65.0    G  0.760605 1.000000 0.365318 0.000000 0.156693 0.000000  
66.0    G  0.743878 0.000000 0.367418 0.000000 0.156472 0.000000  
67.0    G  0.753502 1.000000 0.367838 0.000000 0.184350 0.000000  
68.0    W  0.728312 0.000000 0.366398 0.000000 0.185717 0.000000  
69.0    G  0.710393 0.000000 0.363052 0.000000 0.191605 0.000000  
70.0    Q  0.705817 0.000000 0.354096 0.000000 0.159274 0.000000  
71.0    P  0.733325 0.000000 0.350094 0.000000 0.142704 0.000000  
72.0    H  0.746698 0.000000 0.347979 0.000000 0.139434 0.000000  
73.0    G  0.743877 0.000000 0.349891 0.000000 0.149806 0.000000  
74.0    G  0.742352 0.000000 0.349402 0.000000 0.135889 0.000000  
75.0    G  0.742772 0.000000 0.345221 0.000000 0.120932 0.000000  
76.0    W  0.735711 0.000000 0.345599 0.000000 0.132752 0.000000  
77.0    G  0.727294 0.000000 0.347370 0.000000 0.142746 0.000000  
78.0    Q  0.717238 0.000000 0.344682 0.000000 0.145803 0.000000  
79.0    P  0.711547 0.000000 0.347992 0.000000 0.165808 0.000000  
80.0    H  0.719781 0.000000 0.351983 0.000000 0.172945 0.000000  
81.0    G  0.718259 0.000000 0.352202 0.000000 0.151200 0.000000  
82.0    G  0.742894 0.000000 0.354084 0.000000 0.176315 0.000000  
83.0    G  0.754409 1.000000 0.355121 0.000000 0.216548 0.000000  
84.0    W  0.751485 1.000000 0.357487 0.000000 0.226093 0.000000  
85.0    G  0.739441 0.000000 0.359158 0.000000 0.225408 0.000000  
86.0    Q  0.739418 0.000000 0.362120 0.000000 0.237402 0.000000  
87.0    P  0.736625 0.000000 0.370758 0.000000 0.300882 0.000000  
88.0    H  0.740482 0.000000 0.382184 0.000000 0.365408 0.000000  
89.0    G  0.738216 0.000000 0.391174 0.000000 0.362585 0.000000  
90.0    G  0.727387 0.000000 0.396106 0.000000 0.365351 0.000000  
91.0    G  0.721223 0.000000 0.403791 0.000000 0.395471 0.000000  
92.0    W  0.721361 0.000000 0.413082 0.000000 0.418311 0.000000  
93.0    G  0.698173 0.000000 0.411437 0.000000 0.393958 0.000000  
94.0    Q  0.686132 0.000000 0.404547 0.000000 0.412741 0.000000  
95.0    P  0.684872 0.000000 0.399816 0.000000 0.426113 0.000000  
96.0    H  0.679070 0.000000 0.399890 0.000000 0.411965 0.000000  
97.0    G  0.666983 0.000000 0.401848 0.000000 0.383644 0.000000  
98.0    G  0.662514 0.000000 0.402382 0.000000 0.370050 0.000000  
99.0    G  0.651450 0.000000 0.404280 0.000000 0.369955 0.000000  
100.0    G  0.669126 0.000000 0.406044 0.000000 0.365905 0.000000  
101.0    W  0.655794 0.000000 0.400825 0.000000 0.295310 0.000000  
102.0    G  0.643689 0.000000 0.393789 0.000000 0.300620 0.000000  
103.0    Q  0.625228 0.000000 0.393046 0.000000 0.300703 0.000000  
104.0    G  0.604669 0.000000 0.393358 0.000000 0.277993 0.000000  
105.0    G  0.600752 0.000000 0.393388 0.000000 0.271059 0.000000  
106.0    T  0.602627 0.000000 0.393418 0.000000 0.250791 0.000000  
107.0    H  0.607296 0.000000 0.392823 0.000000 0.237597 0.000000  
108.0    G  0.623749 0.000000 0.390787 0.000000 0.235314 0.000000  
109.0    Q  0.584991 0.000000 0.386860 0.000000 0.205015 0.000000  
110.0    W  0.560955 0.000000 0.382079 0.000000 0.186370 0.000000  
111.0    N  0.538563 0.000000 0.379709 0.000000 0.163186 0.000000  
112.0    K  0.527593 0.000000 0.380186 0.000000 0.153973 0.000000  
113.0    P  0.528291 0.000000 0.381602 0.000000 0.161579 0.000000  
114.0    S  0.540821 0.000000 0.382705 0.000000 0.169479 0.000000  
115.0    K  0.527735 0.000000 0.384597 0.000000 0.175084 0.000000  
116.0    P  0.529251 0.000000 0.387500 0.000000 0.165981 0.000000  
117.0    K  0.531687 0.000000 0.388229 0.000000 0.161486 0.000000  
118.0    T  0.529496 0.000000 0.384836 0.000000 0.164383 0.000000  
119.0    N  0.528930 0.000000 0.383748 0.000000 0.172733 0.000000  
120.0    M  0.500000 0.000000 0.386697 0.000000 0.160576 0.000000  
121.0    K  0.481021 0.000000 0.391620 0.000000 0.160173 0.000000  
122.0    H  0.468688 0.000000 0.396893 0.000000 0.158622 0.000000  
123.0    V  0.460375 0.000000 0.398258 0.000000 0.151888 0.000000  
124.0    A  0.468760 0.000000 0.398748 0.000000 0.157785 0.000000  
125.0    G  0.462611 0.000000 0.398184 0.000000 0.149596 0.000000  
126.0    A  0.473545 0.000000 0.403361 0.000000 0.150724 0.000000  
127.0    A  0.487318 0.000000 0.406904 0.000000 0.171731 0.000000  
128.0    A  0.515666 0.000000 0.411512 0.000000 0.213612 0.000000  
129.0    A  0.509552 0.000000 0.420145 0.000000 0.258577 0.000000  
130.0    G  0.477235 0.000000 0.426511 0.000000 0.272454 0.000000  
131.0    A  0.465656 0.000000 0.425282 0.000000 0.283782 0.000000  
132.0    V  0.447887 0.000000 0.428362 0.000000 0.269253 0.000000  
133.0    V  0.432359 0.000000 0.438567 0.000000 0.309818 0.000000  
134.0    G  0.455003 0.000000 0.440449 0.000000 0.354168 0.000000  
135.0    G  0.440845 0.000000 0.443577 0.000000 0.377998 0.000000  
136.0    L  0.424602 0.000000 0.450577 0.000000 0.384410 0.000000  
137.0    G  0.431412 0.000000 0.460927 0.000000 0.420264 0.000000  
138.0    G  0.391837 0.000000 0.465580 0.000000 0.397021 0.000000  
139.0    Y  0.361064 0.000000 0.464435 0.000000 0.337815 0.000000  
140.0    M  0.358134 0.000000 0.460258 0.000000 0.347485 0.000000  
141.0    L  0.363200 0.000000 0.458045 0.000000 0.404862 0.000000  
142.0    G  0.359305 0.000000 0.448248 0.000000 0.380564 0.000000  
143.0    S  0.325714 0.000000 0.442035 0.000000 0.314827 0.000000  
144.0    A  0.307590 0.000000 0.440390 0.000000 0.314909 0.000000  
145.0    M  0.296265 0.000000 0.436271 0.000000 0.277054 0.000000  
146.0    S  0.300747 0.000000 0.433590 0.000000 0.259471 0.000000  
147.0    R  0.273862 0.000000 0.425934 0.000000 0.197600 0.000000  
148.0    P  0.252522 0.000000 0.418383 0.000000 0.152334 0.000000  
149.0    L  0.271948 0.000000 0.421670 0.000000 0.185388 0.000000  
150.0    I  0.290135 0.000000 0.425001 0.000000 0.199753 0.000000  
151.0    H  0.272626 0.000000 0.419878 0.000000 0.159851 0.000000  
152.0    F  0.277836 0.000000 0.412163 0.000000 0.133489 0.000000  
153.0    G  0.316749 0.000000 0.416843 0.000000 0.181396 0.000000  
154.0    S  0.345966 0.000000 0.427577 0.000000 0.194115 0.000000  
155.0    D  0.351069 0.000000 0.431990 0.000000 0.209325 0.000000  
156.0    Y  0.326190 0.000000 0.432405 0.000000 0.221015 0.000000  
157.0    E  0.287857 0.000000 0.431176 0.000000 0.241166 0.000000  
158.0    D  0.279754 0.000000 0.431116 0.000000 0.260632 0.000000  
159.0    R  0.288611 0.000000 0.432271 0.000000 0.274522 0.000000  
160.0    Y  0.266797 0.000000 0.429043 0.000000 0.247097 0.000000  
161.0    Y  0.256888 0.000000 0.427637 0.000000 0.257945 0.000000  
162.0    R  0.246765 0.000000 0.429162 0.000000 0.262759 0.000000  
163.0    E  0.249054 0.000000 0.425963 0.000000 0.259341 0.000000  
164.0    N  0.247276 0.000000 0.426482 0.000000 0.252914 0.000000  
165.0    M  0.209019 0.000000 0.430020 0.000000 0.254360 0.000000  
166.0    H  0.207303 0.000000 0.434449 0.000000 0.334927 0.000000  
167.0    R  0.215770 0.000000 0.446142 0.000000 0.426455 0.000000  
168.0    Y  0.203726 0.000000 0.454822 0.000000 0.429951 0.000000  
169.0    P  0.211458 0.000000 0.459634 0.000000 0.432410 0.000000  
170.0    N  0.202501 0.000000 0.459144 0.000000 0.413256 0.000000  
171.0    Q  0.199823 0.000000 0.459798 0.000000 0.423800 0.000000  
172.0    V  0.201811 0.000000 0.463974 0.000000 0.400252 0.000000  
173.0    Y  0.186926 0.000000 0.468853 0.000000 0.354146 0.000000  
174.0    Y  0.186509 0.000000 0.474882 0.000000 0.337262 0.000000  
175.0    R  0.200283 0.000000 0.486864 0.000000 0.387919 0.000000  
176.0    P  0.209376 0.000000 0.491651 0.000000 0.460777 0.000000  
177.0    V  0.216199 0.000000 0.490577 0.000000 0.471140 0.000000  
178.0    D  0.229606 0.000000 0.500000 0.000000 0.505049 0.000000  
179.0    Q  0.220001 0.000000 0.500000 0.000000 0.508485 0.000000  
180.0    Y  0.213177 0.000000 0.500000 0.000000 0.492308 0.000000  
181.0    S  0.234303 0.000000 0.500000 0.000000 0.557743 0.000000  
182.0    N  0.255663 0.000000 0.500000 0.000000 0.601019 0.000000  
183.0    Q  0.270698 0.000000 0.500000 0.000000 0.635160 0.000000  
184.0    N  0.262321 0.000000 0.500000 0.000000 0.600401 0.000000  
185.0    N  0.253827 0.000000 0.500000 0.000000 0.605145 0.000000  
186.0    F  0.239649 0.000000 0.491517 0.000000 0.645454 0.000000  
187.0    V  0.216573 0.000000 0.484314 0.000000 0.626199 0.000000  
188.0    H  0.197180 0.000000 0.482361 0.000000 0.597112 0.000000  
189.0    D  0.197404 0.000000 0.486178 0.000000 0.628727 0.000000  
190.0    C  0.192761 0.000000 0.482972 0.000000 0.650502 0.000000  
191.0    V  0.168419 0.000000 0.480319 0.000000 0.611844 0.000000  
192.0    N  0.171055 0.000000 0.475001 0.000000 0.637578 0.000000  
193.0    I  0.182576 0.000000 0.469121 0.000000 0.642603 0.000000  
194.0    T  0.164978 0.000000 0.468898 0.000000 0.591830 0.000000  
195.0    V  0.162973 0.000000 0.465327 0.000000 0.569857 0.000000  
196.0    K  0.157485 0.000000 0.455847 0.000000 0.550031 0.000000  
197.0    E  0.147594 0.000000 0.440864 0.000000 0.477994 0.000000  
198.0    H  0.185971 0.000000 0.435871 0.000000 0.525556 0.000000  
199.0    T  0.190013 0.000000 0.434582 0.000000 0.535953 0.000000  
200.0    V  0.175832 0.000000 0.432716 0.000000 0.480222 0.000000  
201.0    T  0.184904 0.000000 0.441783 0.000000 0.521678 0.000000  
202.0    T  0.193360 0.000000 0.449969 0.000000 0.567829 0.000000  
203.0    T  0.226821 0.000000 0.448470 0.000000 0.604739 0.000000  
204.0    T  0.250150 0.000000 0.445296 0.000000 0.632682 0.000000  
205.0    K  0.260463 0.000000 0.439589 0.000000 0.654457 0.000000  
206.0    G  0.245614 0.000000 0.433708 0.000000 0.611958 0.000000  
207.0    E  0.244563 0.000000 0.435293 0.000000 0.612511 0.000000  
208.0    N  0.246377 0.000000 0.439530 0.000000 0.613509 0.000000  
209.0    F  0.229772 0.000000 0.442183 0.000000 0.613738 0.000000  
210.0    T  0.225050 0.000000 0.432923 0.000000 0.617744 0.000000  
211.0    E  0.256820 0.000000 0.425875 0.000000 0.619453 0.000000  
212.0    T  0.279837 0.000000 0.420086 0.000000 0.591015 0.000000  
213.0    D  0.247731 0.000000 0.408356 0.000000 0.478603 0.000000  
214.0    I  0.213191 0.000000 0.392898 0.000000 0.428968 0.000000  
215.0    K  0.181446 0.000000 0.386042 0.000000 0.349094 0.000000  
216.0    M  0.176492 0.000000 0.383778 0.000000 0.307253 0.000000  
217.0    M  0.184313 0.000000 0.382854 0.000000 0.252539 0.000000  
218.0    E  0.237983 0.000000 0.381081 0.000000 0.211555 0.000000  
219.0    R  0.242500 0.000000 0.378470 0.000000 0.188713 0.000000  
220.0    V  0.252387 0.000000 0.382646 0.000000 0.164262 0.000000  
221.0    V  0.249710 0.000000 0.387991 0.000000 0.164147 0.000000  
222.0    E  0.227835 0.000000 0.389746 0.000000 0.132014 0.000000  
223.0    Q  0.194192 0.000000 0.394160 0.000000 0.107363 0.000000  
224.0    M  0.171853 0.000000 0.398451 0.000000 0.078968 0.000000  
225.0    C  0.162352 0.000000 0.400439 0.000000 0.072551 0.000000  
226.0    I  0.161689 0.000000 0.397516 0.000000 0.057626 0.000000  
227.0    T  0.145884 0.000000 0.389315 0.000000 0.038301 0.000000  
228.0    Q  0.123348 0.000000 0.387723 0.000000 0.029573 0.000000  
229.0    Y  0.109375 0.000000 0.386458 0.000000 0.026179 0.000000  
230.0    Q  0.107196 0.000000 0.391070 0.000000 0.029459 0.000000  
231.0    R  0.100772 0.000000 0.398080 0.000000 0.028982 0.000000  
232.0    E  0.082532 0.000000 0.404606 0.000000 0.027948 0.000000  
233.0    S  0.072458 0.000000 0.414429 0.000000 0.029931 0.000000  
234.0    Q  0.063658 0.000000 0.416295 0.000000 0.029241 0.000000  
235.0    A  0.059162 0.000000 0.406239 0.000000 0.023301 0.000000  
236.0    Y  0.052484 0.000000 0.402088 0.000000 0.017029 0.000000  
237.0    Y  0.045892 0.000000 0.400974 0.000000 0.014215 0.000000  
238.0    Q  0.040372 0.000000 0.392193 0.000000 0.011390 0.000000  
239.0    R  0.040091 0.000000 0.390325 0.000000 0.010490 0.000000  
240.0    G  0.042589 0.000000 0.391605 0.000000 0.011602 0.000000  
241.0    A  0.036645 0.000000 0.388212 0.000000 0.008573 0.000000  
242.0    S  0.033559 0.000000 0.385681 0.000000 0.007362 0.000000  
243.0    V  0.030254 0.000000 0.388779 0.000000 0.006677 0.000000  
244.0    I  0.028394 0.000000 0.392707 0.000000 0.006620 0.000000  
245.0    L  0.027138 0.000000 0.391623 0.000000 0.005176 0.000000  
246.0    F  0.027219 0.000000 0.391605 0.000000 0.003915 0.000000  
247.0    S  0.028447 0.000000 0.396456 0.000000 0.003556 0.000000  
248.0    S  0.025999 0.000000 0.398678 0.000000 0.002787 0.000000  
249.0    P  0.023191 0.000000 0.388647 0.000000 0.000008 0.000000  
250.0    P  0.024683 0.000000 0.390275 0.000000 0.000006 0.000000  
251.0    V  0.029680 0.000000 0.397103 0.000000 0.000007 0.000000  
252.0    I  0.028643 0.000000 0.402303 0.000000 0.000005 0.000000  
253.0    L  0.023483 0.000000 0.397300 0.000000 0.000002 0.000000  
254.0    L  0.022660 0.000000 0.396334 0.000000 0.000002 0.000000  
255.0    I  0.022876 0.000000 0.403941 0.000000 0.000001 0.000000  
256.0    S  0.023265 0.000000 0.411558 0.000000 0.000001 0.000000  
257.0    F  0.023360 0.000000 0.411844 0.000000 0.000001 0.000000  
258.0    L  0.017172 0.000000 0.414320 0.000000 0.000001 0.000000  
259.0    I  0.017022 0.000000 0.417961 0.000000 0.000001 0.000000  
260.0    F  0.017145 0.000000 0.416571 0.000000 0.000001 0.000000  
261.0    L  0.012847 0.000000 0.395896 0.000000 0.000000 0.000000  
262.0    I  0.010601 0.000000 0.384647 0.000000 0.000000 0.000000  
263.0    V  0.008448 0.000000 0.391860 0.000000 0.000000 0.000000  
264.0    G  0.006423 0.000000 0.398443 0.000000 0.000000 0.000000  
